rowdef	Less than One Year	1 Year	2 Years	3 Years	4 Years	5 Years	6 Years	7 Years	8 Years	9 Years	10 Years	11 Years	12 Years	13 Years	14 Years	15 Years	16 Years	17 Years	18 Years	19 Years	20 Years	21 Years	22 Years	23 Years	24 Years	25 Years	26 Years	27 Years	28 Years	29 Years	30 Years	31 Years	32 Years	33 Years	34 Years	35 Years	36 Years	37 Years	38 Years	39 Years	40 Years	41 Years	42 Years	43 Years	44 Years	45 Years	46 Years	47 Years	48 Years	49 Years	50 Years	51 Years	52 Years	53 Years	54 Years	55 Years	56 Years	57 Years	58 Years	59 Years	60 Years	61 Years	62 Years	63 Years	64 Years	65 Years	66 Years	67 Years	68 Years	69 Years	70 Years	71 Years	72 Years	73 Years	74 Years	75 Years	76 Years	77 Years	78 Years	79 Years	80 Years	81 Years	82 Years	83 Years	84 Years	85 Years	86 Years	87 Years	88 Years	89 Years	90 Years	91 Years	92 Years	93 Years	94 Years	95 Years	96 Years	97 Years	98 Years	99 Years	100 Years	101 Years	115 Years	Not Reported	Unknown	total	

0:00am-0:59am	3	4	10	8	6	6	8	5	6	7	6	10	1	6	15	22	37	56	79	111	98	108	100	101	101	91	90	91	61	55	68	67	63	65	58	51	35	44	38	39	42	41	41	39	38	35	32	40	31	38	40	29	33	40	29	34	40	27	31	24	21	21	14	14	12	14	9	11	10	6	5	5	2	7	4	2	1	3	5	3	2	2	1	2	2	1	3	1	2	1	1	0	1	0	0	0	2	0	0	0	0	0	0	21	85	2830	
1:00am-1:59am	6	6	5	12	4	6	8	5	8	3	6	4	0	6	7	19	26	37	82	79	84	124	99	99	125	110	78	92	72	95	61	64	65	60	59	58	47	51	41	46	43	35	35	35	35	35	31	24	34	29	32	28	32	33	22	28	17	11	23	9	21	14	18	10	11	10	7	9	7	6	6	4	3	3	9	1	2	2	0	2	0	2	1	1	0	1	1	1	1	2	0	0	0	0	0	0	1	2	0	0	0	0	0	18	77	2683	
2:00am-2:59am	1	4	5	5	4	5	2	2	0	6	3	5	9	3	10	16	23	38	69	85	101	123	119	117	124	127	112	104	97	89	76	65	61	72	55	64	52	35	51	47	44	36	39	29	32	49	26	18	23	27	29	28	26	20	31	24	29	22	15	21	17	20	15	10	9	10	4	5	10	4	6	6	8	9	6	4	1	2	1	2	0	2	1	0	0	2	0	0	0	0	1	0	1	0	0	0	0	0	0	0	0	0	0	15	70	2795	
3:00am-3:59am	6	3	5	7	4	5	4	7	3	2	6	2	2	4	9	15	20	32	58	75	84	87	92	92	80	97	74	58	72	50	49	34	38	51	26	44	42	36	36	24	24	32	29	33	34	21	24	29	21	22	27	23	21	19	21	19	18	14	14	16	13	23	16	14	11	10	8	5	5	4	2	4	4	1	3	1	2	5	1	0	0	1	0	0	1	0	0	0	1	3	0	0	0	0	0	1	0	0	0	0	0	0	0	14	54	2103	
4:00am-4:59am	3	1	2	2	4	1	2	4	1	4	3	4	5	7	8	11	14	18	46	39	59	68	88	71	59	54	52	56	41	51	44	37	37	38	37	31	27	22	29	29	21	25	19	23	26	27	25	35	24	23	20	26	15	17	19	20	22	19	14	14	14	11	20	10	18	6	4	6	6	5	4	2	4	3	2	4	6	3	3	4	3	1	1	2	2	0	1	0	1	1	1	0	0	0	0	0	0	0	0	0	0	0	0	9	45	1745	
5:00am-5:59am	3	3	7	3	2	3	3	2	3	2	4	3	2	6	7	5	10	30	36	59	63	72	81	50	76	67	57	67	53	47	49	57	53	51	47	40	42	45	39	41	42	29	42	36	39	39	37	34	35	41	39	47	39	41	34	35	32	41	44	40	31	34	30	22	23	23	20	15	15	18	8	15	13	13	8	8	8	3	4	3	4	0	1	1	2	1	3	0	3	0	1	1	0	1	0	0	0	0	0	0	0	0	0	8	59	2455	
6:00am-6:59am	8	9	7	6	5	5	10	7	6	6	5	12	6	6	9	9	25	39	53	51	57	71	59	70	68	71	78	67	57	66	44	58	43	53	48	42	39	37	45	40	47	48	45	53	43	47	56	50	38	46	36	53	43	42	41	50	42	39	43	42	39	34	24	25	37	22	15	28	21	19	19	14	15	7	9	6	11	13	10	6	7	8	7	7	4	4	2	2	2	1	0	2	1	0	1	1	0	1	0	0	0	0	0	21	35	2781	
7:00am-7:59am	11	17	11	14	16	14	24	20	19	16	20	21	23	23	27	28	35	48	51	55	42	52	54	77	69	47	62	56	52	39	52	57	48	40	36	49	35	48	47	38	37	39	37	41	46	43	41	40	35	25	44	38	45	36	36	44	29	42	34	45	31	41	23	34	32	25	18	21	22	14	17	12	23	12	19	11	12	11	11	8	10	13	8	7	7	6	4	4	5	6	1	3	2	1	0	0	0	0	0	0	0	0	0	12	20	2776	
8:00am-8:59am	14	10	12	10	14	15	15	10	10	12	5	16	8	8	11	14	16	26	46	44	52	38	44	35	37	48	40	52	42	40	40	48	45	24	33	27	38	42	30	28	30	28	23	26	40	27	45	30	40	27	33	28	30	33	33	34	31	21	33	28	35	25	25	22	30	29	28	18	22	29	20	19	16	15	7	18	17	12	8	11	13	16	15	12	14	7	8	9	4	3	4	2	4	4	0	1	0	0	0	0	0	0	0	8	22	2271	
9:00am-9:59am	9	14	19	16	12	15	13	12	12	8	11	6	9	8	9	14	24	30	38	39	30	37	40	44	45	33	32	29	48	45	31	40	32	30	27	34	30	33	36	25	32	28	28	28	34	29	36	35	29	36	40	35	31	39	33	41	33	37	36	33	29	31	50	32	27	33	32	28	26	41	32	23	31	36	28	27	18	22	21	27	16	19	18	18	13	4	12	9	13	13	8	7	7	3	1	3	1	0	1	0	0	0	1	18	8	2479	
10:00am-10:59am	10	21	17	10	17	13	7	14	7	14	13	15	19	11	11	14	20	33	32	30	33	31	42	39	39	39	32	35	39	33	28	36	24	27	25	24	23	37	30	31	25	36	42	26	35	32	33	37	31	25	37	31	31	27	30	32	35	39	27	36	37	33	39	26	36	35	34	27	30	32	26	22	34	25	26	22	19	21	21	16	22	13	15	22	21	17	25	6	11	10	10	9	6	5	5	2	2	1	0	0	0	0	0	18	10	2413	
11:00am-11:59am	20	20	25	20	20	15	11	13	20	17	13	18	15	14	18	24	19	34	36	52	36	42	49	53	53	46	38	40	49	34	39	44	52	42	32	37	37	37	46	38	40	54	39	28	40	35	48	35	35	42	42	55	51	45	33	46	56	49	50	50	51	37	47	41	35	41	48	40	43	33	33	27	19	29	30	23	24	35	29	23	23	28	26	24	28	18	14	22	14	16	11	9	3	6	3	0	1	2	0	1	0	0	0	15	16	3109	
12:00pm-12:59pm	11	22	22	20	29	16	14	19	22	12	11	19	15	12	14	20	37	45	57	56	56	61	66	40	57	61	41	49	48	51	48	45	47	41	48	43	46	37	25	44	34	42	39	40	41	39	35	42	34	49	40	51	59	50	53	66	49	47	41	37	53	40	52	43	45	51	43	47	40	37	36	29	24	31	31	32	26	24	22	18	26	25	17	21	17	11	21	20	19	19	10	11	15	7	5	2	2	0	0	1	0	0	0	12	13	3313	
1:00pm-1:59pm	21	30	23	25	24	21	21	31	23	20	23	17	20	15	21	25	34	51	66	81	62	54	62	60	56	52	63	67	53	50	55	49	57	46	44	52	59	49	48	44	43	40	55	45	52	68	57	46	44	48	48	52	70	46	57	49	53	46	56	46	55	65	61	58	40	48	47	49	47	58	36	34	38	35	25	28	35	26	31	33	25	28	19	22	35	25	23	15	13	20	12	8	7	8	1	2	4	1	1	0	0	0	0	21	18	3852	
2:00pm-2:59pm	22	22	28	27	20	27	24	23	27	26	22	23	21	22	18	42	54	65	67	66	70	70	58	64	65	67	58	51	56	60	53	63	49	55	62	58	65	49	40	55	41	49	57	44	55	57	43	49	48	55	34	47	66	48	66	62	56	54	62	50	56	54	58	48	43	42	43	54	51	60	37	30	43	38	25	22	29	29	32	34	30	34	31	33	22	23	19	12	16	14	14	11	11	6	6	1	2	0	2	0	0	1	0	22	9	4004	
3:00pm-3:59pm	31	37	42	35	46	35	34	31	41	31	29	38	21	39	37	39	76	96	91	65	76	94	92	79	76	74	87	72	71	67	51	65	57	59	67	53	61	67	58	61	49	58	58	64	57	58	66	55	50	55	61	54	73	62	61	68	59	52	64	58	57	70	49	47	59	51	62	46	49	51	41	37	37	33	45	26	26	24	26	23	32	26	18	22	21	19	15	19	12	19	9	14	5	3	3	2	4	1	0	1	1	0	0	30	17	4615	
4:00pm-4:59pm	28	35	30	33	28	32	38	26	41	27	32	30	40	33	30	43	54	75	86	100	107	84	89	84	81	95	73	84	72	55	84	65	65	81	60	65	67	66	48	51	65	54	62	57	58	60	58	47	64	40	70	62	74	88	63	69	72	64	92	86	57	59	60	43	43	44	52	45	37	51	30	34	30	34	37	32	23	18	23	24	22	19	22	31	15	20	14	14	13	7	9	8	3	3	3	1	2	1	1	0	0	1	0	21	19	4647	
5:00pm-5:59pm	23	26	26	39	37	28	27	30	22	25	38	47	36	35	41	42	66	77	92	89	86	75	106	105	78	74	75	79	79	78	78	70	89	72	76	51	77	55	71	50	67	70	66	74	80	73	67	70	54	68	47	86	79	76	69	62	75	48	55	64	69	57	48	59	56	58	43	39	48	47	40	41	35	35	29	35	26	32	28	22	25	22	19	26	23	20	21	8	14	9	12	7	2	2	2	2	4	3	1	2	0	0	0	38	39	4868	
6:00pm-6:59pm	37	26	31	33	28	35	31	34	39	31	33	31	28	35	46	51	61	67	94	79	99	105	96	108	96	98	99	96	81	70	83	90	82	72	74	74	71	58	63	70	59	67	69	64	60	64	61	61	73	67	79	69	91	76	75	68	89	72	77	80	72	64	53	54	38	62	38	40	40	46	41	24	39	36	32	30	18	27	17	26	21	13	16	14	10	18	12	15	3	14	6	8	4	3	0	4	3	1	0	1	0	0	0	24	61	5004	
7:00pm-7:59pm	24	29	20	25	24	27	26	32	34	27	26	21	20	24	32	48	62	81	88	90	89	100	100	100	108	93	87	96	84	74	82	83	66	77	70	86	60	75	53	68	48	43	58	68	63	62	66	60	59	68	80	72	76	78	68	68	80	67	68	62	63	65	55	48	42	49	40	42	37	45	21	34	29	35	21	20	21	14	21	15	13	16	12	7	8	8	8	8	9	3	6	4	2	2	3	0	0	0	0	0	0	0	0	43	81	4675	
8:00pm-8:59pm	19	28	26	33	27	36	25	25	29	27	25	24	30	28	25	57	71	91	107	116	109	93	130	109	101	94	106	108	87	77	78	80	88	89	81	73	69	56	67	69	65	62	61	90	65	54	58	57	55	56	73	67	71	69	63	74	71	62	57	59	53	41	48	41	53	43	40	38	42	35	21	30	23	32	22	14	22	19	17	13	14	16	11	6	13	10	7	3	3	6	2	4	0	3	1	0	1	0	0	0	0	0	0	35	80	4764	
9:00pm-9:59pm	18	31	21	12	18	21	22	16	23	29	25	24	26	27	38	39	71	90	115	111	107	124	122	95	96	108	122	84	103	92	84	82	79	67	74	77	78	72	74	54	60	65	45	46	71	53	43	70	60	57	67	58	53	53	68	75	53	49	78	54	46	43	47	36	36	33	23	28	27	19	29	9	21	15	14	12	13	15	7	4	10	7	6	3	5	6	6	4	2	2	1	2	2	1	1	1	2	0	0	0	0	0	0	35	97	4419	
10:00pm-10:59pm	21	17	15	16	14	9	12	14	18	19	26	10	12	15	22	29	57	92	113	88	103	120	87	106	97	116	112	100	87	81	69	79	75	68	69	62	55	62	50	61	65	44	51	44	45	50	57	54	46	42	56	50	49	68	46	52	41	56	37	40	34	37	22	36	28	25	16	16	30	17	19	11	11	10	8	9	9	13	8	9	2	4	2	3	3	2	7	4	1	2	3	0	1	1	1	1	0	0	0	0	0	0	0	31	89	3796	
11:00pm-11:59pm	9	11	8	10	8	8	7	14	6	9	9	9	6	19	16	18	45	62	96	95	97	95	121	107	109	91	90	97	105	73	82	66	52	65	57	68	63	46	53	51	35	39	38	39	37	42	40	47	47	43	40	33	62	51	39	33	36	37	40	26	34	26	21	22	17	14	14	10	14	8	12	10	9	4	9	3	4	0	2	2	3	1	4	1	1	2	1	3	0	1	1	0	0	2	0	1	1	2	0	0	0	0	0	27	90	3233	
Unknown Hours	0	2	0	0	0	0	1	0	0	2	3	1	1	0	0	0	5	2	7	12	7	6	6	7	8	2	8	6	9	3	9	6	5	6	7	9	2	2	6	8	2	5	4	5	3	6	3	3	5	3	6	10	5	3	3	1	7	7	6	4	4	3	3	5	8	0	4	2	4	4	4	2	5	4	7	1	3	1	1	1	3	3	1	1	1	1	0	1	0	1	2	0	0	0	1	0	0	0	0	0	0	0	0	1	22	353	
Total	358	428	417	421	411	398	389	396	420	382	397	410	375	406	481	644	962	1315	1705	1767	1807	1934	2002	1912	1904	1855	1766	1736	1618	1475	1437	1450	1372	1351	1272	1272	1220	1161	1124	1112	1060	1069	1082	1077	1129	1105	1088	1068	1015	1032	1120	1132	1225	1160	1093	1154	1125	1022	1097	1024	992	948	898	800	789	778	692	669	683	689	545	478	516	502	456	391	376	374	349	329	326	319	272	286	268	226	227	180	162	173	125	110	77	61	37	25	32	15	6	6	1	2	1	517	1136	81983	
